2023/12/13
11:58:13.47
2e-05
N,mm,ms
7.0,0.0,0.0
18.375,0.12099999999999511,0.01999999999998181
39.083,0.2959999999999994,0.03999999999996362
65.625,0.3709999999999951,0.060000000000002274
99.167,0.4749999999999943,0.07999999999998408
143.21,0.6039999999999992,0.0999999999999659
208.25,0.6289999999999978,0.12000000000000455
758.63,0.6879999999999953,0.19999999999998863
938.88,0.6920000000000002,0.21999999999997044
1146.5,0.8339999999999961,0.2400000000000091
1380.5,0.945999999999998,0.2599999999999909
1820.6,1.0419999999999945,0.30000000000001137
1918.9,1.1879999999999953,0.3199999999999932
1936.7,1.2959999999999994,0.339999999999975
2078.7,1.4709999999999965,0.37999999999999545
2392.0,1.4919999999999973,0.39999999999997726
2778.7,1.5,0.4199999999999591
3142.4,1.529999999999994,0.4399999999999977
3406.4,1.6709999999999994,0.45999999999997954
3635.6,1.7629999999999981,0.47999999999996135
3918.5,1.8249999999999957,0.5199999999999818
4152.8,1.8669999999999973,0.5399999999999636
4484.1,1.8709999999999951,0.5600000000000023
4738.7,1.9379999999999953,0.5799999999999841
4845.2,2.0749999999999957,0.5999999999999659
4866.5,2.0959999999999965,0.6200000000000045
4927.1,2.158999999999999,0.6399999999999864
456.75,2.1879999999999953,0.839999999999975
394.63,2.2589999999999932,0.8600000000000136
457.63,2.3419999999999987,0.8799999999999955
538.71,2.445999999999998,0.8999999999999773
267.17,2.4549999999999983,0.9599999999999795
105.58,2.5379999999999967,0.9799999999999613
271.25,2.6299999999999955,1.0199999999999818
380.33,2.7249999999999943,1.0399999999999636
617.75,2.7919999999999945,1.099999999999966
472.21,2.891999999999996,1.1200000000000045
634.96,2.908999999999999,1.2799999999999727
810.25,3.067,1.3000000000000114
1059.3,3.2339999999999947,1.3199999999999932
1186.5,3.425999999999995,1.339999999999975
1260.9,3.5259999999999962,1.3600000000000136
1099.9,3.7209999999999965,1.3799999999999955
838.54,3.9339999999999975,1.3999999999999773
714.58,3.945999999999998,1.419999999999959
760.08,4.0049999999999955,1.4399999999999977
1249.5,4.087999999999994,1.5199999999999818
1279.5,4.141999999999996,1.5399999999999636
1258.5,4.170999999999999,1.5600000000000023
1284.2,4.18,1.599999999999966
1353.6,4.195999999999998,1.6200000000000045
1481.4,4.2209999999999965,1.6599999999999682
1541.5,4.225999999999999,1.6800000000000068
1063.7,4.225999999999999,1.8199999999999932
1059.9,4.2549999999999955,1.839999999999975
848.75,4.283999999999999,1.8999999999999773
763.29,4.3089999999999975,1.9599999999999795
606.96,4.317,2.019999999999982
656.25,4.475999999999999,2.0399999999999636
686.58,4.512999999999998,2.0600000000000023
628.54,4.533999999999999,2.079999999999984
577.79,4.625999999999998,2.099999999999966
562.33,4.633999999999993,2.1200000000000045
666.75,4.637999999999998,2.1399999999999864
751.33,4.675999999999995,2.159999999999968
820.46,4.846999999999994,2.180000000000007
868.29,4.8969999999999985,2.1999999999999886
867.42,4.937999999999995,2.2199999999999704
814.92,5.033999999999999,2.240000000000009
845.83,5.096999999999994,2.259999999999991
964.54,5.154999999999994,2.3000000000000114
957.83,5.216999999999999,2.319999999999993
942.96,5.233999999999995,2.339999999999975
651.88,5.279999999999994,2.3999999999999773
816.38,5.321999999999996,2.4399999999999977
864.5,5.450999999999993,2.4599999999999795
942.08,5.533999999999999,2.4799999999999613
925.17,5.596999999999994,2.519999999999982
774.67,5.6839999999999975,2.5399999999999636
702.63,5.741999999999997,2.5600000000000023
684.25,5.817,2.599999999999966
849.92,5.817,2.7199999999999704
903.29,5.954999999999998,2.740000000000009
923.71,6.000999999999998,2.759999999999991
1056.7,6.029999999999994,2.839999999999975
574.29,6.1299999999999955,2.9799999999999613
513.92,6.137999999999998,3.0
660.92,6.300999999999995,3.019999999999982
1054.7,6.329999999999998,3.0600000000000023
1055.3,6.346999999999994,3.099999999999966
1133.7,6.3629999999999995,3.259999999999991
1000.4,6.4339999999999975,3.2799999999999727
1023.8,6.5219999999999985,3.3000000000000114
1134.9,6.6469999999999985,3.319999999999993
1199.0,6.729999999999997,3.339999999999975
1243.7,6.805,3.3600000000000136
1301.4,6.8799999999999955,3.3799999999999955
1279.5,6.925999999999995,3.3999999999999773
1397.4,6.967999999999996,3.599999999999966
1539.1,7.083999999999996,3.6200000000000045
1706.3,7.100999999999999,3.6399999999999864
1719.1,7.137999999999998,3.659999999999968
1522.8,7.158999999999999,3.680000000000007
958.71,7.2379999999999995,3.8799999999999955
1155.6,7.258999999999993,3.8999999999999773
1273.1,7.275999999999996,3.919999999999959
1056.7,7.275999999999996,3.9799999999999613
1102.8,7.329999999999998,4.019999999999982
1220.3,7.358999999999995,4.039999999999964
1327.7,7.462999999999994,4.060000000000002
1249.2,7.475999999999999,4.099999999999966
1082.1,7.571999999999996,4.1200000000000045
878.5,7.596999999999994,4.139999999999986
824.25,7.6839999999999975,4.159999999999968
899.79,7.747,4.180000000000007
996.04,7.783999999999999,4.199999999999989
1017.3,7.833999999999996,4.240000000000009
947.92,7.971999999999994,4.259999999999991
869.17,8.038999999999994,4.279999999999973
871.5,8.108999999999995,4.300000000000011
952.0,8.221999999999994,4.319999999999993
1086.8,8.238999999999997,4.339999999999975
1078.3,8.254999999999995,4.399999999999977
1079.8,8.293,4.419999999999959
1205.5,8.350999999999999,4.4599999999999795
1248.0,8.375999999999998,4.479999999999961
1246.9,8.408999999999999,4.539999999999964
1267.3,8.418,4.560000000000002
1520.8,8.439,4.71999999999997
1570.6,8.500999999999998,4.740000000000009
1691.4,8.575999999999993,4.759999999999991
1712.1,8.633999999999993,4.819999999999993
1686.4,8.650999999999996,4.839999999999975
1842.8,8.683999999999997,4.899999999999977
1663.4,8.747,4.9599999999999795
1569.8,8.788999999999994,4.979999999999961
1690.2,8.817999999999998,5.039999999999964
1704.8,8.918,5.060000000000002
1620.2,8.925999999999995,5.079999999999984
1542.6,8.979999999999997,5.099999999999966
1543.8,8.988999999999997,5.1200000000000045
1780.0,9.046999999999997,5.319999999999993
1822.3,9.154999999999994,5.339999999999975
1931.1,9.183999999999997,5.479999999999961
2047.8,9.208999999999996,5.8799999999999955
2039.9,9.275999999999996,5.899999999999977
2016.3,9.367999999999995,6.180000000000007
2027.4,9.413999999999994,6.199999999999989
1905.8,9.459999999999994,6.240000000000009
1884.5,9.543,6.259999999999991
107.63,9.546999999999997,213.48000000000002
105.0,9.579999999999998,213.5
105.58,9.584999999999994,213.51999999999998
